     0/299     7.38G      5.57      3.46         0      9.03        23       512         0         0   0.00274         0      5.39      1.76         0
     1/299     6.96G      4.58      1.98         0      6.55        18       512         0         0     0.237         0      4.71      1.22         0
     2/299     6.96G      3.91      1.54         0      5.45        13       512     0.267     0.529     0.321     0.355      4.38     0.937         0
     3/299     6.96G      3.76      1.25         0      5.02        13       512     0.285     0.639     0.398     0.394      4.05     0.799         0
     4/299     6.96G      3.55      1.16         0      4.71        19       512     0.479     0.655     0.606     0.553      4.78     0.733         0
     5/299     6.96G       3.3      1.04         0      4.34        12       512     0.594     0.673     0.644     0.631      3.72     0.677         0
     6/299     6.96G      3.53     0.965         0       4.5        15       512     0.806     0.662     0.715     0.727      3.66     0.715         0
     7/299     6.96G       3.3     0.881         0      4.18        14       512     0.834     0.619     0.728     0.711      3.72     0.727         0
     8/299     6.96G       3.5     0.922         0      4.42        13       512     0.691     0.724     0.733     0.707      3.84      0.67         0
     9/299     6.96G      3.16     0.897         0      4.06        14       512     0.628     0.682     0.652     0.653      4.06     0.709         0
    10/299     6.96G      3.19     0.874         0      4.06        18       512     0.404     0.437     0.381      0.42      3.69     0.842         0
    11/299     6.96G      2.92     0.835         0      3.76        15       512     0.746     0.776     0.804     0.761      3.28     0.564         0
    12/299     6.96G      2.62     0.806         0      3.42        18       512     0.848      0.76     0.831     0.802      3.07      0.56         0
    13/299     6.96G      2.97     0.808         0      3.78        19       512     0.879     0.722     0.806     0.793      4.03     0.559         0
    14/299     6.96G      2.75     0.738         0      3.49        13       512     0.668     0.825     0.798     0.738      3.13     0.511         0
    15/299     6.96G      2.52     0.732         0      3.25        16       512     0.907      0.74     0.825     0.815      3.09     0.528         0
    16/299     6.96G      2.51     0.715         0      3.22        13       512     0.906     0.803     0.854     0.851      2.78     0.484         0
    17/299     6.96G      2.46     0.677         0      3.14        17       512     0.863     0.798     0.824     0.829      2.74     0.478         0
    18/299     6.96G      2.54     0.697         0      3.23        19       512     0.836     0.768     0.823     0.801       2.7     0.473         0
    19/299     6.96G      2.36     0.673         0      3.03        19       512     0.928     0.785     0.874      0.85      2.87     0.471         0
    20/299     6.96G      2.63     0.657         0      3.29        13       512      0.79      0.85     0.859     0.819      2.57     0.455         0
    21/299     6.96G      2.49      0.67         0      3.16        15       512     0.939     0.828     0.902      0.88      2.51     0.432         0
    22/299     6.96G      2.36     0.636         0      2.99        17       512     0.805     0.827     0.856     0.816      2.97     0.435         0
    23/299     6.96G       2.3     0.649         0      2.94        18       512     0.872     0.825     0.857     0.848      2.88     0.436         0
    24/299     6.96G      2.19     0.622         0      2.81        15       512     0.875     0.788     0.846     0.829      2.73     0.467         0
    25/299     6.96G      2.69     0.651         0      3.34        17       512     0.756     0.841     0.834     0.796      2.77     0.435         0
    26/299     6.96G      2.21     0.618         0      2.83        18       512     0.838      0.85     0.859     0.844      2.64     0.419         0
    27/299     6.96G      2.42      0.68         0       3.1        19       512     0.484     0.511     0.454     0.497      3.37     0.669         0
    28/299     6.96G      2.32       0.7         0      3.02        10       512     0.684     0.691     0.703     0.687      3.19     0.509         0
    29/299     6.96G      2.37     0.704         0      3.07        17       512     0.799     0.793     0.836     0.796      2.79     0.452         0
    30/299     6.96G      2.28     0.608         0      2.89        16       512     0.904     0.735     0.835     0.811       2.9     0.454         0
    31/299     6.96G      2.15     0.636         0      2.79        14       512     0.811     0.827     0.846     0.819      2.78     0.437         0
    32/299     6.96G      2.37     0.634         0         3        24       512     0.904      0.78     0.868     0.838      2.72     0.441         0
    33/299     6.96G      2.13     0.591         0      2.72        19       512     0.913     0.848     0.895     0.879      2.53     0.416         0
    34/299     6.96G      2.12     0.615         0      2.74        14       512     0.801      0.89     0.888     0.843      2.56     0.411         0
    35/299     6.96G      2.25     0.613         0      2.86        18       512     0.868     0.861     0.892     0.864      2.58     0.405         0
    36/299     6.96G         2     0.608         0      2.61        18       512     0.875     0.859     0.892     0.867      2.51     0.402         0
    37/299     6.96G      2.27     0.597         0      2.87        18       512     0.868     0.832     0.874      0.85      2.66     0.418         0
    38/299     6.96G      2.15     0.585         0      2.73        16       512     0.899     0.818     0.877     0.857      2.53     0.421         0
    39/299     6.96G      1.93      0.61         0      2.54        21       512     0.826     0.857      0.89     0.841      2.44     0.404         0
    40/299     6.96G      2.14     0.592         0      2.73        17       512     0.818     0.888       0.9     0.852       2.4     0.396         0
    41/299     6.96G      1.91     0.587         0       2.5        19       512     0.897      0.88     0.899     0.888      2.45     0.396         0
    42/299     6.96G      1.98     0.582         0      2.56        18       512     0.908     0.837     0.903     0.871      2.44     0.399         0
    43/299     6.96G      2.14     0.605         0      2.74        14       512     0.911     0.845     0.899     0.877       2.4     0.396         0
    44/299     6.96G         2     0.553         0      2.56        16       512     0.862     0.854     0.895     0.858      2.46     0.389         0
    45/299     6.96G       1.9     0.582         0      2.49        21       512     0.937     0.869     0.911     0.902      2.43     0.382         0
    46/299     6.96G      1.72     0.545         0      2.27        17       512     0.927     0.888     0.925     0.907      2.43     0.375         0
    47/299     6.96G      1.95     0.522         0      2.47        16       512     0.902     0.904     0.923     0.903      2.28     0.371         0
    48/299     6.96G      1.83     0.553         0      2.39        15       512     0.931     0.886     0.918     0.908      2.42     0.378         0
    49/299     6.96G      1.81     0.523         0      2.33        18       512     0.921     0.868     0.923     0.894      2.32     0.376         0
    50/299     6.96G      2.04     0.512         0      2.55        17       512     0.882     0.897     0.908      0.89      2.42     0.376         0
    51/299     6.96G      1.87     0.522         0       2.4        16       512     0.901     0.888     0.905     0.894      2.38     0.381         0
    52/299     6.96G      1.85     0.522         0      2.37        20       512     0.878     0.874      0.89     0.876       2.4     0.369         0
    53/299     6.96G      1.93     0.523         0      2.46        14       512     0.883     0.863     0.899     0.873      2.38     0.366         0
    54/299     6.96G       1.9     0.558         0      2.46        16       512     0.933     0.868     0.919     0.899      2.33     0.366         0
    55/299     6.96G      1.83     0.543         0      2.38        16       512     0.941     0.862     0.914       0.9      2.36     0.383         0
    56/299     6.96G      2.12     0.526         0      2.64        19       512     0.926     0.845     0.902     0.884       2.4     0.378         0
    57/299     6.96G      1.89     0.494         0      2.39        20       512     0.927     0.848     0.907     0.886      2.43     0.386         0
    58/299     6.96G      1.98     0.529         0      2.51        16       512     0.927     0.892     0.927      0.91      2.31     0.361         0
    59/299     6.96G      1.76     0.503         0      2.27        19       512      0.91     0.908     0.926     0.909       2.3     0.364         0
    60/299     6.96G      1.86     0.501         0      2.36        18       512     0.927     0.922     0.935     0.924      2.28      0.36         0
    61/299     6.96G      1.78     0.505         0      2.28        17       512     0.949     0.875     0.924     0.911      2.44     0.366         0
    62/299     6.96G      1.79     0.523         0      2.32        18       512     0.945     0.854     0.905     0.897      2.37     0.375         0
    63/299     6.96G      1.78     0.497         0      2.28        13       512     0.935     0.877     0.904     0.905       2.6     0.381         0
    64/299     6.96G      1.86     0.517         0      2.37        22       512     0.929     0.881     0.909     0.905      2.35     0.377         0
    65/299     6.96G      1.62     0.494         0      2.12        15       512      0.94     0.874     0.919     0.906      2.24      0.37         0
    66/299     6.96G      1.76     0.507         0      2.27        17       512     0.937      0.89     0.931     0.913      2.22     0.368         0
    67/299     6.96G      1.81     0.488         0       2.3        17       512     0.884     0.899     0.906     0.892      2.24     0.358         0
    68/299     6.96G      1.84     0.507         0      2.34        16       512     0.969     0.854     0.925     0.908      2.29     0.387         0
    69/299     6.96G       1.8     0.467         0      2.26        18       512     0.952     0.859     0.916     0.903      2.33     0.372         0
    70/299     6.96G      1.76     0.464         0      2.22         9       512     0.951      0.83      0.91     0.886      2.24     0.377         0
    71/299     6.96G      1.64     0.485         0      2.12        16       512     0.937     0.839     0.907     0.885      2.27     0.366         0
    72/299     6.96G      1.73     0.469         0       2.2        17       512     0.951     0.865     0.917     0.906      2.21     0.367         0
    73/299     6.96G      1.76     0.489         0      2.25        15       512     0.947     0.875     0.909     0.909      2.38     0.365         0
    74/299     6.96G      1.71     0.503         0      2.21        22       512     0.923     0.897     0.924      0.91       2.2     0.353         0
    75/299     6.96G      1.52     0.481         0         2        17       512     0.922     0.879      0.91       0.9      2.27     0.368         0
    76/299     6.96G      1.51     0.473         0      1.98        12       512     0.922     0.886     0.916     0.904      2.19     0.368         0
    77/299     6.96G      1.76     0.482         0      2.25        19       512     0.934     0.868     0.925     0.899      2.22     0.358         0
    78/299     6.96G      1.72     0.452         0      2.17        16       512     0.936      0.89     0.912     0.912      2.35     0.359         0
    79/299     6.96G       1.7      0.46         0      2.16        16       512     0.934     0.853     0.904     0.891      2.26     0.364         0
    80/299     6.96G      1.68     0.523         0      2.21        16       512     0.914     0.909     0.922     0.912      2.23     0.354         0
    81/299     6.96G      1.73     0.478         0      2.21        15       512     0.918     0.904     0.921     0.911      2.31     0.363         0
    82/299     6.96G       1.9     0.481         0      2.38        16       512     0.903      0.89     0.916     0.896      2.24     0.352         0
    83/299     6.96G       1.7     0.484         0      2.18        17       512     0.929     0.883     0.912     0.906      2.29     0.352         0
    84/299     6.96G      1.67     0.488         0      2.16        17       512     0.927      0.85     0.904     0.887      2.26     0.378         0
    85/299     6.96G      1.53     0.442         0      1.97        15       512     0.952     0.846     0.902     0.896      2.33     0.387         0
    86/299     6.96G      1.66     0.496         0      2.15        20       512     0.918     0.877     0.912     0.897      2.35     0.351         0
    87/299     6.96G      1.63     0.465         0      2.09        15       512       0.9     0.904      0.92     0.902      2.17     0.356         0
    88/299     6.96G      1.71     0.452         0      2.16        16       512     0.924     0.896     0.935      0.91      2.12     0.348         0
    89/299     6.96G      1.68     0.463         0      2.15        15       512     0.914     0.892     0.922     0.903      2.16     0.347         0
    90/299     6.96G      1.72     0.493         0      2.21        16       512     0.952     0.884      0.92     0.917      2.19     0.346         0
    91/299     6.96G      1.53     0.457         0      1.99        16       512     0.954      0.89     0.924     0.921      2.22     0.349         0
    92/299     6.96G       1.6     0.447         0      2.04        16       512     0.954     0.887     0.928     0.919      2.34     0.345         0
    93/299     6.96G      1.73     0.428         0      2.16        14       512     0.935     0.899     0.927     0.916      2.12      0.34         0
    94/299     6.96G       1.6     0.441         0      2.04        15       512     0.919     0.908      0.91     0.914      2.13     0.335         0
    95/299     6.96G      1.57     0.433         0         2        15       512     0.903     0.895     0.894     0.899      2.23     0.354         0
    96/299     6.96G      1.68     0.481         0      2.16        16       512      0.94     0.882     0.917      0.91      2.17     0.344         0
    97/299     6.96G      1.38     0.457         0      1.84        18       512     0.951     0.867     0.922     0.907      2.08     0.352         0
    98/299     6.96G      1.52     0.454         0      1.97        16       512      0.93      0.89     0.921      0.91      2.14     0.338         0
    99/299     6.96G      1.67     0.435         0      2.11        17       512     0.942     0.904     0.935     0.923      2.13     0.348         0
   100/299     6.96G       1.6     0.455         0      2.06        19       512     0.914     0.899      0.92     0.906      2.16     0.346         0
   101/299     6.96G      1.52     0.441         0      1.96        16       512     0.938     0.899      0.93     0.918      2.11     0.348         0
   102/299     6.96G      1.61     0.433         0      2.04        20       512     0.954     0.843      0.92     0.895      2.14     0.374         0
   103/299     6.96G      1.47     0.409         0      1.88        17       512     0.934     0.885     0.922     0.909      2.13     0.367         0
   104/299     6.96G       1.5     0.455         0      1.95        20       512     0.965     0.873     0.925     0.917      2.15     0.364         0
   105/299     6.96G      1.65     0.441         0      2.09        14       512     0.938     0.885     0.921     0.911      2.12     0.346         0
   106/299     6.96G      1.54      0.45         0      1.99        10       512     0.905     0.915     0.932      0.91      2.16     0.329         0
   107/299     6.96G      1.48      0.46         0      1.94        16       512     0.961     0.879     0.929     0.918      2.13     0.353         0
   108/299     6.96G      1.48     0.438         0      1.91        17       512     0.926     0.899     0.923     0.913      2.12     0.343         0
   109/299     6.96G      1.35     0.423         0      1.78        17       512      0.93     0.895     0.921     0.912       2.2      0.34         0
   110/299     6.96G      1.57     0.405         0      1.98        19       512      0.96     0.865     0.917      0.91      2.19     0.368         0
   111/299     6.96G      1.46     0.418         0      1.88        14       512     0.948     0.874     0.913      0.91      2.19     0.368         0
   112/299     6.96G      1.33     0.442         0      1.77        16       512     0.939     0.888      0.91     0.913      2.23     0.344         0
   113/299     6.96G      1.46     0.411         0      1.87        16       512     0.924     0.895     0.906     0.909      2.22     0.331         0
   114/299     6.96G       1.4     0.431         0      1.83        21       512      0.93     0.897     0.919     0.913      2.14     0.333         0
   115/299     6.96G      1.57     0.438         0      2.01        19       512     0.939     0.898     0.923     0.918      2.15     0.329         0
   116/299     6.96G      1.59     0.414         0         2        19       512     0.942      0.91     0.928     0.926      2.09     0.327         0
   117/299     6.96G      1.47     0.412         0      1.88        17       512     0.971     0.888      0.93     0.928      2.12     0.332         0
   118/299     6.96G      1.38       0.4         0      1.78        18       512     0.951     0.906     0.933     0.928      2.06     0.329         0
   119/299     6.96G       1.4      0.41         0      1.81        16       512     0.955     0.899     0.932     0.926      2.14     0.326         0
   120/299     6.96G      1.53     0.403         0      1.93        16       512     0.964     0.898     0.937      0.93      2.11     0.331         0
   121/299     6.96G       1.4     0.386         0      1.79        20       512     0.952     0.913     0.934     0.932      2.07     0.319         0
   122/299     6.96G      1.41     0.412         0      1.82        14       512     0.961     0.899     0.932     0.929      2.15     0.326         0
   123/299     6.96G       1.4       0.4         0       1.8        18       512     0.954     0.901     0.937     0.927      2.08      0.33         0
   124/299     6.96G      1.61     0.418         0      2.03        21       512     0.971     0.892     0.933      0.93      2.09     0.335         0
   125/299     6.96G      1.38     0.406         0      1.78        14       512      0.98     0.878     0.931     0.926      2.07     0.349         0
   126/299     6.96G      1.39     0.406         0      1.79        19       512     0.972     0.865     0.914     0.916       2.1     0.356         0
   127/299     6.96G      1.29     0.386         0      1.68        18       512     0.957     0.897      0.92     0.926      2.06     0.341         0
   128/299     6.96G      1.47     0.384         0      1.86        17       512     0.955     0.908     0.931     0.931      2.05     0.333         0
   129/299     6.96G       1.4     0.415         0      1.82        12       512     0.931     0.903     0.925     0.917      2.07     0.322         0
   130/299     6.96G      1.29     0.402         0      1.69        11       512     0.961     0.895     0.934     0.927      2.03     0.321         0
   131/299     6.96G      1.38     0.394         0      1.77        20       512     0.959     0.883     0.929      0.92      2.05     0.326         0
   132/299     6.96G      1.41     0.383         0      1.79        18       512     0.964     0.899     0.936      0.93      2.05     0.326         0
   133/299     6.96G      1.27     0.379         0      1.65        16       512     0.961     0.892     0.932     0.925         2     0.329         0
   134/299     6.96G      1.38     0.382         0      1.76        19       512     0.954     0.897     0.934     0.924         2     0.332         0
   135/299     6.96G      1.29     0.358         0      1.65        15       512     0.957      0.89     0.929     0.922      2.02     0.335         0
   136/299     6.96G      1.29     0.371         0      1.66        17       512     0.959     0.885      0.93      0.92      2.05     0.335         0
   137/299     6.96G      1.39     0.398         0      1.79        21       512      0.96     0.871     0.923     0.914      2.07     0.344         0
   138/299     6.96G      1.27     0.395         0      1.67        19       512     0.972      0.87     0.926     0.919      1.99     0.346         0
   139/299     6.96G      1.29     0.397         0      1.69        18       512     0.963     0.874     0.927     0.917      2.03     0.343         0
   140/299     6.96G      1.31     0.382         0      1.69        16       512     0.955     0.894      0.93     0.924      2.02     0.336         0
   141/299     6.96G      1.45     0.394         0      1.84        18       512     0.959     0.894     0.926     0.925      2.05     0.344         0
   142/299     6.96G      1.42     0.403         0      1.82        15       512     0.956     0.897     0.929     0.925      2.04      0.34         0
   143/299     6.96G      1.35     0.363         0      1.71        19       512     0.961      0.89     0.927     0.924      2.08     0.348         0
   144/299     6.96G      1.24     0.383         0      1.62        17       512     0.957     0.908     0.934     0.932      2.07     0.332         0
   145/299     6.96G      1.35     0.363         0      1.71        18       512     0.946     0.907     0.931     0.926      2.08     0.318         0
   146/299     6.96G      1.47     0.372         0      1.84        19       512     0.948     0.893     0.924      0.92      2.08     0.339         0
   147/299     6.96G      1.28     0.412         0      1.69        17       512     0.937     0.895     0.927     0.915      2.14     0.319         0
   148/299     6.96G      1.15     0.379         0      1.53        14       512     0.953      0.86     0.921     0.904      2.08     0.328         0
   149/299     6.96G      1.34     0.347         0      1.69        19       512     0.968     0.875     0.926     0.919      2.12     0.334         0
   150/299     6.96G      1.31     0.381         0      1.69        23       512     0.954     0.888     0.931      0.92      2.06      0.33         0
   151/299     6.96G      1.28     0.344         0      1.63        16       512     0.955     0.903     0.934     0.928       2.1     0.328         0
   152/299     6.96G      1.35      0.36         0      1.71        20       512     0.963     0.888     0.933     0.924      2.07     0.331         0
   153/299     6.96G      1.34      0.37         0      1.71        16       512     0.957     0.891     0.926     0.923       2.1     0.331         0
   154/299     6.96G      1.24     0.393         0      1.63        16       512     0.942     0.906     0.928     0.924      2.14     0.324         0
   155/299     6.96G      1.26     0.357         0      1.62        12       512     0.957     0.906     0.925     0.931      2.12     0.331         0
   156/299     6.96G      1.23      0.36         0      1.59        19       512     0.947     0.895     0.924      0.92      2.05     0.333         0
   157/299     6.96G      1.36      0.36         0      1.72        19       512     0.914     0.904     0.918     0.909      2.12     0.333         0
   158/299     6.96G      1.36     0.373         0      1.73        19       512     0.962     0.895     0.929     0.927      2.01     0.339         0
   159/299     6.96G       1.3      0.37         0      1.67        15       512      0.95     0.898     0.923     0.923      2.05     0.334         0
   160/299     6.96G      1.27     0.363         0      1.64        16       512     0.951     0.906     0.928     0.928      2.01     0.343         0
   161/299     6.96G      1.19     0.364         0      1.56        22       512     0.946     0.905     0.926     0.925      2.04     0.339         0
   162/299     6.96G      1.23     0.352         0      1.58        20       512     0.951     0.895     0.923     0.922      2.07     0.337         0
   163/299     6.96G      1.25      0.36         0      1.61        14       512     0.927     0.881     0.913     0.904      2.09      0.33         0
   164/299     6.96G      1.19     0.357         0      1.55        23       512     0.924     0.895     0.919     0.909      2.06     0.325         0
   165/299     6.96G      1.12     0.356         0      1.48        14       512     0.964     0.888     0.931     0.924      2.04     0.328         0
   166/299     6.96G      1.35     0.344         0       1.7        13       512     0.955     0.899     0.937     0.926      2.07     0.316         0
   167/299     6.96G      1.17     0.372         0      1.54        16       512     0.949     0.912     0.937      0.93      2.01     0.316         0
   168/299     6.96G      1.28      0.36         0      1.64        17       512     0.933     0.913     0.933     0.923      1.96     0.313         0
   169/299     6.96G      1.24     0.366         0      1.61        14       512     0.937     0.895     0.926     0.915         2     0.322         0
   170/299     6.96G      1.29      0.36         0      1.65        15       512     0.931      0.91     0.926      0.92      1.98      0.32         0
   171/299     6.96G      1.13     0.331         0      1.46        15       512     0.935     0.895     0.924     0.914      2.01     0.315         0
   172/299     6.96G      1.21     0.331         0      1.54        16       512     0.937     0.896     0.926     0.916      2.03     0.329         0
   173/299     6.96G      1.15     0.359         0      1.51        16       512     0.917      0.89     0.917     0.903      1.98     0.326         0
   174/299     6.96G      1.09      0.32         0      1.41        12       512     0.925     0.901     0.921     0.913      1.99     0.319         0
   175/299     6.96G      1.24     0.345         0      1.59        22       512     0.941      0.89     0.924     0.915      1.98     0.324         0
   176/299     6.96G      1.12      0.32         0      1.44        14       512     0.959     0.884     0.926      0.92      1.99     0.333         0
   177/299     6.96G      1.06     0.346         0      1.41        15       512     0.961     0.881     0.927     0.919      1.96     0.349         0
   178/299     6.96G      1.24     0.361         0       1.6        20       512     0.961     0.892     0.935     0.925      1.96     0.323         0
   179/299     6.96G      1.23     0.336         0      1.57        17       512     0.962     0.907     0.938     0.933      2.01     0.319         0
   180/299     6.96G      1.16      0.34         0       1.5        13       512     0.957     0.897     0.937     0.926      1.99     0.324         0
   181/299     6.96G      1.25      0.35         0       1.6        13       512     0.946     0.905     0.932     0.925      1.99     0.312         0
   182/299     6.96G      1.12      0.37         0      1.49        17       512     0.936     0.906     0.925     0.921      2.08     0.316         0
   183/299     6.96G       1.1     0.323         0      1.42        16       512     0.945     0.917     0.927     0.931      2.01     0.318         0
   184/299     6.96G      1.12     0.339         0      1.46        16       512     0.955     0.913     0.926     0.934      1.98     0.312         0
   185/299     6.96G      1.09     0.335         0      1.42        16       512     0.952     0.896     0.925     0.923      1.98     0.316         0
   186/299     6.96G      1.03     0.323         0      1.35        21       512     0.944     0.897     0.922      0.92      2.01     0.323         0
   187/299     6.96G      1.11     0.337         0      1.45        16       512     0.932     0.893     0.919     0.912         2     0.323         0
   188/299     6.96G      1.08     0.338         0      1.42        19       512     0.957     0.893     0.928     0.924      1.97     0.319         0
   189/299     6.96G      1.06     0.334         0      1.39        19       512     0.962     0.899     0.927     0.929      2.02      0.32         0
   190/299     6.96G       1.1     0.337         0      1.43        18       512     0.955       0.9     0.925     0.927         2     0.323         0
   191/299     6.96G      1.12     0.321         0      1.44        17       512     0.962     0.899     0.927     0.929      1.99     0.331         0
   192/299     6.96G      1.25     0.341         0      1.59        15       512     0.966     0.882      0.93     0.922      1.99     0.337         0
   193/299     6.96G      1.15     0.342         0      1.49        19       512     0.959     0.892     0.926     0.924      1.99      0.33         0
   194/299     6.96G      1.13     0.332         0      1.46        12       512     0.957     0.886     0.919      0.92      2.01     0.326         0
   195/299     6.96G      1.05     0.316         0      1.36        13       512     0.961     0.884     0.922     0.921      1.97     0.333         0
   196/299     6.96G      1.11     0.315         0      1.43        15       512      0.95     0.895     0.919     0.922      1.95      0.33         0
   197/299     6.96G      1.01     0.347         0      1.36        20       512     0.939     0.899     0.919     0.919      1.96     0.322         0
   198/299     6.96G      1.18     0.353         0      1.53        18       512     0.943     0.895     0.925     0.918      1.98     0.321         0
   199/299     6.96G      1.05     0.314         0      1.36        17       512      0.94     0.907     0.921     0.923      1.98      0.32         0
   200/299     6.96G      1.05     0.314         0      1.36        19       512     0.949     0.895     0.917     0.921      1.98     0.321         0
   201/299     6.96G      1.09     0.308         0       1.4        21       512     0.943     0.888     0.912     0.915      1.98     0.319         0
   202/299     6.96G     0.982     0.324         0      1.31        13       512     0.937     0.897     0.916     0.916      1.98     0.318         0
   203/299     6.96G      1.08     0.305         0      1.38        17       512      0.93     0.908     0.921     0.919      1.97     0.314         0
   204/299     6.96G      1.17      0.32         0      1.49        17       512     0.934     0.922     0.928     0.928      2.02     0.315         0
   205/299     6.96G         1     0.298         0       1.3        14       512     0.944     0.915     0.923     0.929      1.97      0.32         0
   206/299     6.96G      1.02     0.304         0      1.33        18       512     0.947     0.899     0.923     0.922      1.99      0.32         0
   207/299     6.96G      1.03     0.295         0      1.32        16       512     0.946     0.896     0.918      0.92      1.96      0.32         0
   208/299     6.96G      1.08     0.299         0      1.38        19       512     0.955      0.91     0.926     0.932      1.95     0.325         0
   209/299     6.96G      1.06     0.324         0      1.39        13       512      0.95     0.902     0.924     0.926      1.96     0.323         0
   210/299     6.96G      1.08     0.336         0      1.42        16       512     0.937     0.901     0.923     0.919      1.97     0.316         0
   211/299     6.96G      1.01     0.312         0      1.33        13       512     0.939     0.906     0.926     0.922      1.96     0.311         0
   212/299     6.96G      1.06     0.302         0      1.37        14       512     0.944     0.906     0.927     0.925      2.02     0.308         0
   213/299     6.96G      0.96     0.304         0      1.26        15       512     0.943     0.901     0.924     0.922      1.96     0.309         0
   214/299     6.96G      1.06     0.305         0      1.36        14       512     0.944     0.902     0.929     0.922      1.96      0.31         0
   215/299     6.96G     0.941     0.326         0      1.27        17       512     0.964     0.897     0.931     0.929      1.94     0.318         0
   216/299     6.96G      1.07     0.308         0      1.38        25       512     0.964     0.904      0.93     0.933      1.96     0.319         0
   217/299     6.96G     0.989     0.309         0       1.3        17       512     0.962     0.904     0.928     0.932      1.94     0.313         0
   218/299     6.96G      1.07      0.29         0      1.36        18       512     0.965     0.918      0.93     0.941      1.92     0.309         0
   219/299     6.96G     0.929     0.314         0      1.24        18       512     0.958     0.913     0.935     0.935      1.94     0.308         0
   220/299     6.96G     0.959     0.309         0      1.27        19       512     0.964     0.912     0.933     0.937      1.94     0.311         0
   221/299     6.96G     0.984     0.292         0      1.28        15       512     0.964     0.911     0.929     0.937      1.95     0.313         0
   222/299     6.96G      1.03     0.302         0      1.33        14       512     0.957     0.909     0.933     0.932      1.94     0.318         0
   223/299     6.96G     0.947     0.319         0      1.27        18       512     0.954     0.906     0.926      0.93      1.98     0.321         0
   224/299     6.96G         1     0.308         0      1.31        17       512     0.967     0.913      0.93     0.939      1.91      0.32         0
   225/299     6.96G     0.918     0.279         0       1.2        16       512     0.962     0.916      0.93     0.939      1.91     0.319         0
   226/299     6.96G         1     0.299         0       1.3        16       512      0.96     0.913     0.929     0.936      1.95     0.323         0
   227/299     6.96G      1.05     0.291         0      1.35        19       512     0.956     0.915     0.928     0.935      1.95     0.322         0
   228/299     6.96G      0.87     0.283         0      1.15        16       512     0.962     0.908      0.93     0.934      1.94     0.323         0
   229/299     6.96G     0.884     0.317         0       1.2        19       512     0.955     0.914      0.93     0.934      1.93     0.319         0
   230/299     6.96G     0.983     0.291         0      1.27        15       512     0.947     0.918     0.931     0.932      1.92     0.309         0
   231/299     6.96G     0.934     0.282         0      1.22        17       512     0.949     0.917     0.926     0.932      1.91     0.307         0
   232/299     6.96G     0.994     0.293         0      1.29        16       512      0.95     0.902     0.925     0.926      1.95     0.312         0
   233/299     6.96G     0.986     0.312         0       1.3        15       512      0.95     0.897     0.928     0.923      1.93     0.318         0
   234/299     6.96G      1.03     0.326         0      1.36        13       512     0.956     0.897     0.929     0.926      1.93     0.318         0
   235/299     6.96G     0.938     0.317         0      1.25        16       512     0.948     0.907     0.926     0.927      1.94     0.311         0
   236/299     6.96G      0.95     0.284         0      1.23        17       512     0.953     0.916     0.931     0.934      1.95     0.309         0
   237/299     6.96G     0.885     0.295         0      1.18        17       512     0.953     0.916     0.932     0.934      1.91      0.31         0
   238/299     6.96G       0.9     0.263         0      1.16        16       512     0.953     0.919     0.931     0.936      1.92     0.311         0
   239/299     6.96G     0.871     0.301         0      1.17        17       512     0.953     0.919     0.933     0.936      1.91     0.308         0
   240/299     6.96G      0.85     0.289         0      1.14        20       512     0.953     0.919     0.933     0.936       1.9     0.304         0
   241/299     6.96G     0.975     0.283         0      1.26        16       512     0.955     0.913     0.932     0.934      1.91     0.309         0
   242/299     6.96G     0.921     0.276         0       1.2        19       512     0.955     0.901     0.929     0.928      1.88     0.315         0
   243/299     6.96G     0.979     0.295         0      1.27        17       512      0.96     0.909      0.94     0.934       1.9     0.319         0
   244/299     6.96G     0.915      0.29         0       1.2        18       512      0.96     0.913      0.94     0.936      1.93      0.32         0
   245/299     6.96G     0.924     0.276         0       1.2        16       512     0.957     0.919     0.939     0.938       1.9     0.315         0
   246/299     6.96G     0.841     0.273         0      1.11        20       512     0.953     0.919     0.932     0.936      1.92     0.315         0
   247/299     6.96G     0.807     0.287         0      1.09        18       512     0.958     0.913     0.931     0.935       1.9     0.318         0
   248/299     6.96G      1.02     0.303         0      1.32        20       512      0.96     0.908     0.934     0.933      1.91      0.32         0
   249/299     6.96G     0.951      0.27         0      1.22        15       512     0.957     0.905      0.93      0.93       1.9     0.319         0
   250/299     6.96G     0.921     0.292         0      1.21        18       512      0.96     0.909     0.938     0.934       1.9     0.315         0
   251/299     6.96G     0.903     0.271         0      1.17        21       512      0.96     0.907     0.939     0.933      1.88     0.315         0
   252/299     6.96G     0.874      0.29         0      1.16        18       512     0.957     0.909     0.936     0.932       1.9      0.31         0
   253/299     6.96G     0.846     0.278         0      1.12        14       512     0.955     0.903      0.93     0.928      1.93      0.31         0
   254/299     6.96G     0.906     0.274         0      1.18        14       512     0.957     0.905     0.931      0.93       1.9     0.312         0
   255/299     6.96G     0.843     0.274         0      1.12        18       512     0.959     0.908     0.933     0.933      1.89     0.316         0
   256/299     6.96G     0.842     0.269         0      1.11        14       512      0.95     0.901     0.931     0.925      1.91     0.312         0
   257/299     6.96G      0.87     0.272         0      1.14        15       512     0.948     0.899      0.93     0.923       1.9     0.313         0
   258/299     6.96G     0.868     0.282         0      1.15        15       512     0.949     0.911      0.93     0.929      1.88     0.311         0
   259/299     6.96G     0.826     0.266         0      1.09        12       512     0.953     0.908     0.931      0.93      1.88      0.31         0
   260/299     6.96G      0.85     0.286         0      1.14        22       512      0.95     0.903      0.93     0.926      1.92     0.315         0
   261/299     6.96G     0.936     0.283         0      1.22        16       512     0.945     0.908     0.928     0.926      1.91     0.316         0
   262/299     6.96G     0.845     0.276         0      1.12        14       512     0.944     0.904     0.926     0.923      1.88     0.314         0
   263/299     6.96G      0.84      0.28         0      1.12        18       512     0.949      0.91     0.935     0.929      1.89     0.311         0
   264/299     6.96G     0.814     0.263         0      1.08        18       512     0.945     0.916     0.935      0.93      1.89     0.311         0
   265/299     6.96G     0.849     0.277         0      1.13        17       512     0.947     0.917     0.935     0.932      1.89     0.311         0
   266/299     6.96G     0.766     0.284         0      1.05        13       512     0.946     0.915     0.928      0.93      1.87     0.308         0
   267/299     6.96G     0.883     0.283         0      1.17        20       512     0.948     0.913     0.928      0.93      1.88     0.307         0
   268/299     6.96G     0.929     0.284         0      1.21        16       512     0.949     0.915     0.928     0.931      1.87     0.307         0
   269/299     6.96G     0.714     0.296         0      1.01        16       512     0.945     0.913     0.929     0.928      1.88     0.306         0
   270/299     6.96G     0.857     0.283         0      1.14        14       512     0.944     0.913     0.929     0.928      1.88     0.308         0
   271/299     6.96G     0.882     0.261         0      1.14        15       512     0.944     0.915     0.929     0.929      1.89     0.311         0
   272/299     6.96G     0.872     0.275         0      1.15        14       512     0.947     0.915     0.929     0.931      1.89     0.314         0
   273/299     6.96G     0.861     0.272         0      1.13        17       512     0.948     0.915     0.928     0.931      1.86     0.313         0
   274/299     6.96G     0.866     0.254         0      1.12        16       512     0.949      0.91      0.93     0.929      1.89     0.315         0
   275/299     6.96G     0.846     0.266         0      1.11        16       512     0.951     0.909     0.929      0.93      1.88     0.317         0
   276/299     6.96G     0.868     0.253         0      1.12        17       512     0.949     0.913     0.929      0.93      1.88     0.317         0
   277/299     6.96G     0.892     0.275         0      1.17        17       512      0.95     0.913     0.929     0.931      1.87     0.317         0
   278/299     6.96G     0.904     0.284         0      1.19        16       512     0.951     0.911     0.931      0.93      1.86     0.313         0
   279/299     6.96G     0.875     0.264         0      1.14        15       512     0.946     0.917     0.928     0.931      1.87     0.309         0
   280/299     6.96G     0.943      0.25         0      1.19        18       512      0.94     0.918     0.923     0.929      1.87      0.31         0
   281/299     6.96G     0.822     0.269         0      1.09        15       512     0.943     0.923     0.927     0.933      1.89      0.31         0
   282/299     6.96G     0.744      0.26         0         1        15       512     0.939     0.917     0.923     0.928      1.89     0.309         0
   283/299     6.96G     0.846     0.268         0      1.11        14       512     0.943     0.917     0.927      0.93      1.86     0.312         0
   284/299     6.96G     0.855     0.275         0      1.13        16       512     0.944     0.912     0.927     0.928      1.87     0.314         0
   285/299     6.96G     0.798     0.276         0      1.07        19       512     0.947     0.917     0.928     0.932      1.89     0.313         0
   286/299     6.96G     0.812     0.281         0      1.09        16       512     0.947     0.918     0.931     0.932      1.86     0.312         0
   287/299     6.96G     0.816     0.273         0      1.09        13       512     0.947     0.917     0.931     0.932      1.86     0.313         0
   288/299     6.96G     0.799     0.251         0      1.05        16       512     0.946     0.917     0.931     0.931      1.87     0.313         0
   289/299     6.96G     0.723     0.272         0     0.995        18       512     0.945     0.919      0.93     0.932      1.86     0.312         0
   290/299     6.96G     0.766      0.25         0      1.02        16       512     0.949     0.918     0.935     0.933      1.85     0.313         0
   291/299     6.96G     0.894     0.275         0      1.17        18       512     0.951     0.915     0.937     0.933      1.86     0.316         0
   292/299     6.96G     0.838     0.266         0       1.1        16       512     0.953     0.917     0.936     0.935      1.86     0.314         0
   293/299     6.96G     0.783     0.271         0      1.05        16       512     0.953     0.919     0.935     0.936      1.87     0.312         0
   294/299     6.96G     0.712     0.243         0     0.954        15       512     0.946     0.919     0.934     0.933      1.87     0.314         0
   295/299     6.96G     0.781      0.26         0      1.04        20       512     0.947     0.918     0.929     0.932      1.85     0.317         0
   296/299     6.96G     0.734     0.251         0     0.986        17       512     0.946     0.917     0.928     0.931      1.87     0.316         0
   297/299     6.96G      0.79     0.268         0      1.06        16       512     0.947     0.914     0.929      0.93      1.85     0.316         0
   298/299     6.96G     0.816     0.282         0       1.1        15       512     0.944     0.915     0.925     0.929      1.89     0.315         0
   299/299     6.96G     0.928     0.287         0      1.22        17       512     0.946     0.915     0.927      0.93      1.87     0.316         0
